{
 "cells": [
  {
   "cell_type": "markdown",
   "metadata": {},
   "source": [
    "### Evolutionary Pseudocode\n",
    "```            \n",
    "FUNCTION tsp_evolution(name_file, distance_file)\n",
    "    INITIALIZE cities as readCitiesFile(name_file)\n",
    "    INITIALIZE distances as readDistanceFile(distance_file)\n",
    "    INITIALIZE bestChildRoute as empty list\n",
    "    INITIALIZE bestChildDistance as 0\n",
    "    INITIALIZE bestRoute as empty list\n",
    "    INITIALIZE bestDistance as 0\n",
    "    INITIALIZE stagnationCounter as 0\n",
    "    INITIALIZE terminateFlag to false\n",
    "\n",
    "    FOR names in cities\n",
    "        ADD names to bestChildRoute\n",
    "    bestChildDistance = calculateDistance(bestChildRoute)\n",
    "    SET bestRoute to bestChildRoute\n",
    "    SET bestDistance to bestChildDistance\n",
    "\n",
    "    WHILE(!terminateFlag)\n",
    "        SET parentRoute = bestChildRoute\n",
    "        SET parentDistance = bestChildDistance\n",
    "        FOR offspring in range(100)\n",
    "            SET mutatedRoute to copy of parentRoute with 2 randomly swapped cities\n",
    "            SET mutatedDistance to calculateDistance(mutatedRoute)\n",
    "            IF mutatedDistance < bestChildDistance THEN \n",
    "                SET bestChildDistance = mutatedDistance\n",
    "                SET bestChildRoute = mutatedRoute\n",
    "\n",
    "        IF parentDistance == bestChildDistance THEN\n",
    "            IF parentDistance < bestDistance THEN \n",
    "                SET bestRoute to parentRoute\n",
    "                SET bestDistance to parentDistance\n",
    "            ADD 1 to stagnationCounter\n",
    "\n",
    "            FOR iteration in range(3)\n",
    "                SET bestChildRoute to a copy of bestChildRoute with 2 randomly swapped cities\n",
    "            SET bestChildDistance to calculateDistance(bestChildRoute)\n",
    "\n",
    "        IF stagnationCounter >= 5 THEN\n",
    "            terminateFlag = true\n",
    "    RETURN bestRoute\n",
    "            \n",
    "\n",
    "FUNCTION readCitiesFile(name_file)\n",
    "    INITIALIZE cities as list of strings found on each line of name file\n",
    "    RETURN distances\n",
    "\n",
    "FUNCTION readDistanceFile(distance_file)\n",
    "    INITIALIZE distances as list of a list of integers representing distance from city to city\n",
    "    RETURN distances\n",
    "\n",
    "FUNCTION calculateDistance(route)\n",
    "    INITIALIZE totalDistance = 0\n",
    "    FOR cities in route\n",
    "        totalDistance += distance between two cities\n",
    "    RETURN totalDistance\n",
    "\n",
    "\n",
    "\n",
    "```"
   ]
  },
  {
   "cell_type": "markdown",
   "metadata": {},
   "source": [
    "### Pseudocode for Greedy\n",
    "```\n",
    "Input: name and distance  found in files\n",
    "Output: The optimal route(as a list of names of cities)\n",
    "\n",
    "function to find disactnce between cities \n",
    "\n",
    "function to get distance from list of cities \n",
    "\n",
    "Initialize list of lists that has the cities distances\n",
    "Initialie a total distance variable to 0\n",
    "create empty list called best_route\n",
    "create empty list called current_route\n",
    "\n",
    "function taking name and distacne:\n",
    "    FOR every city on file \n",
    "        FOR each distacne between two cities\n",
    "            IF len(current_route) != len(list of lists)\n",
    "                find shortest distance between 2 cities \n",
    "                IF city has been used\n",
    "                    dont use it\n",
    "                ELSE \n",
    "                add the name of the first city to current_route\n",
    "            ELSE:\n",
    "                IF total distance in current is less than in best \n",
    "                    make current_route into best_route\n",
    "    return best_route | distacne maker(best_route)\n",
    "\n",
    "```\n",
    "\n"
   ]
  },
  {
   "cell_type": "markdown",
   "metadata": {},
   "source": [
    "### Pseudocode for backtracking\n",
    "```\n",
    "INPUT name files and distance file\n",
    "OUTPUT the optimal route \n",
    "\n",
    "funciton that reads the files and gives distncace between cities and puts them into a list of lists that reads (list of distances)\n",
    "\n",
    "make that list a global variable\n",
    "\n",
    "make an empty list for best tour \n",
    "\n",
    "\n",
    "function that takes variables cities_left and cities_visited\n",
    "IF cities_left == 0\n",
    "    IF total_distance(cities_visited) < total_distance(best tour)\n",
    "        best tour == cities visited\n",
    "ELIF cities_visited == 1\n",
    "    FOR next in cities_left\n",
    "        FOR last in cities_left \n",
    "            IF last > next \n",
    "                append last\n",
    "                append next\n",
    "ELSE \n",
    "    FOR each city in cities_left\n",
    "        make a copy of CV\n",
    "        APPEND city to cities_visited copy\n",
    "        make a copy of CL\n",
    "        REMOVE city from cities_left copy\n",
    "        CALL function with new cities_visited copy and cities_left copy\n",
    "\n",
    "function(city 0, every city but 0)\n",
    "```\n",
    "\n"
   ]
  },
  {
   "cell_type": "code",
   "execution_count": 29,
   "metadata": {},
   "outputs": [
    {
     "name": "stdout",
     "output_type": "stream",
     "text": [
      "['Alpha', 'Beta', 'Gamma', 'Delta', 'Epsilon', 'Zeta', 'Eta']\n",
      "[['0.0', '27.0', '12.1', '17.7', '11.0', '29.2', '22.4'], ['27.0', '0.0', '16.8', '11.2', '29.2', '11.0', '31.8'], ['12.1', '16.8', '0.0', '6.0', '12.5', '17.1', '27.9'], ['17.7', '11.2', '6.0', '0.0', '18.0', '11.7', '30.0'], ['11.0', '29.2', '12.5', '18.0', '0.0', '27.0', '33.2'], ['29.2', '11.0', '17.1', '11.7', '27.0', '0.0', '40.2'], ['22.4', '31.8', '27.9', '30.0', '33.2', '40.2', '0.0']]\n",
      "['Azores', 'Baghdad', 'Berlin', 'Bombay', 'Buenos Aires', 'Cairo', 'Capetown', 'Chicago', 'Guam', 'Honolulu', 'Istanbul', 'Juneau', 'London', 'Manila', 'Melbourne', 'Mexico City', 'Montreal', 'Moscow', 'New Orleans', 'New York', 'Panama City', 'Paris', 'Rio de Janeiro', 'Rome', 'San Francisco', 'Santiago', 'Seattle', 'Shanghai', 'Sydney', 'Tokyo']\n",
      "[['0', '39', '22', '59', '54', '33', '57', '32', '89', '73', '29', '46', '16', '83', '120', '45', '24', '32', '36', '25', '38', '16', '43', '21', '50', '57', '46', '72', '121', '73'], ['39', '0', '20', '20', '81', '8', '49', '64', '63', '84', '10', '61', '25', '49', '81', '81', '58', '16', '72', '60', '78', '24', '69', '18', '75', '88', '68', '44', '83', '52'], ['22', '20', '0', '39', '74', '18', '60', '44', '71', '73', '11', '46', '6', '61', '99', '61', '37', '10', '51', '40', '59', '5', '62', '7', '57', '78', '51', '51', '100', '56'], ['59', '20', '39', '0', '93', '27', '51', '81', '48', '80', '30', '69', '45', '32', '61', '97', '75', '31', '89', '78', '97', '44', '83', '38', '84', '100', '77', '31', '63', '42'], ['54', '81', '74', '93', '0', '73', '43', '56', '104', '76', '76', '77', '69', '111', '72', '46', '56', '84', '49', '53', '33', '69', '12', '69', '64', '7', '69', '122', '73', '114'], ['33', '8', '18', '27', '73', '0', '45', '61', '71', '88', '8', '63', '22', '57', '87', '77', '54', '18', '68', '56', '71', '20', '61', '13', '75', '80', '68', '52', '90', '60'], ['57', '49', '60', '51', '43', '45', '0', '85', '88', '115', '52', '103', '60', '75', '64', '85', '79', '63', '83', '78', '70', '58', '38', '52', '103', '49', '102', '81', '69', '92'], ['32', '64', '44', '81', '56', '61', '85', '0', '74', '43', '55', '23', '40', '81', '97', '17', '8', '50', '8', '7', '23', '41', '53', '48', '19', '53', '17', '70', '92', '63'], ['89', '63', '71', '48', '104', '71', '88', '74', '0', '38', '69', '51', '75', '16', '35', '75', '77', '61', '77', '80', '90', '76', '116', '76', '58', '98', '57', '19', '33', '16'], ['73', '84', '73', '80', '76', '88', '115', '43', '38', '0', '81', '28', '72', '53', '55', '38', '49', '70', '42', '50', '53', '75', '83', '80', '24', '69', '27', '49', '51', '39'], ['29', '10', '11', '30', '76', '8', '52', '55', '69', '81', '0', '55', '16', '57', '91', '71', '48', '11', '62', '50', '68', '14', '64', '9', '67', '81', '61', '49', '93', '56'], ['46', '61', '46', '69', '77', '63', '103', '23', '51', '28', '55', '0', '44', '59', '81', '32', '26', '46', '29', '29', '45', '47', '76', '53', '15', '73', '9', '49', '77', '40'], ['16', '25', '6', '45', '69', '22', '60', '40', '75', '72', '16', '44', '0', '67', '105', '56', '33', '16', '46', '35', '53', '2', '57', '9', '54', '72', '48', '57', '106', '60'], ['83', '49', '61', '32', '111', '57', '75', '81', '16', '53', '57', '59', '67', '0', '39', '88', '82', '51', '87', '85', '103', '67', '113', '65', '70', '109', '67', '12', '39', '19'], ['120', '81', '99', '61', '72', '87', '64', '97', '35', '55', '91', '81', '105', '39', '0', '84', '104', '90', '93', '104', '90', '104', '82', '99', '79', '70', '82', '50', '4', '51'], ['45', '81', '61', '97', '46', '77', '85', '17', '75', '38', '71', '32', '56', '88', '84', '0', '23', '67', '9', '21', '15', '57', '48', '64', '19', '41', '23', '80', '81', '70'], ['24', '58', '37', '75', '56', '54', '79', '8', '77', '49', '48', '26', '33', '82', '104', '23', '0', '44', '14', '3', '25', '34', '51', '41', '25', '54', '23', '70', '100', '65'], ['32', '16', '10', '32', '84', '18', '63', '50', '61', '70', '11', '46', '16', '51', '90', '67', '44', '0', '58', '47', '67', '16', '72', '15', '59', '88', '52', '42', '90', '47'], ['36', '72', '51', '89', '49', '68', '83', '8', '77', '42', '62', '29', '46', '87', '93', '9', '14', '58', '0', '12', '16', '48', '48', '55', '19', '45', '21', '77', '89', '69'], ['25', '60', '40', '78', '53', '56', '78', '7', '80', '50', '50', '29', '35', '85', '104', '21', '3', '47', '12', '0', '22', '36', '48', '43', '26', '51', '24', '73', '100', '68'], ['38', '78', '59', '97', '33', '71', '70', '23', '90', '53', '68', '45', '53', '103', '90', '15', '25', '67', '16', '22', '0', '54', '33', '59', '33', '31', '37', '93', '88', '84'], ['16', '24', '5', '44', '69', '20', '58', '41', '76', '75', '14', '47', '2', '67', '104', '57', '34', '16', '48', '36', '54', '0', '57', '7', '56', '72', '50', '57', '105', '61'], ['43', '69', '62', '83', '12', '61', '38', '53', '116', '83', '64', '76', '57', '113', '82', '48', '51', '72', '48', '48', '33', '57', '0', '57', '66', '18', '69', '113', '84', '115'], ['21', '18', '7', '38', '69', '13', '52', '48', '76', '80', '9', '53', '9', '65', '99', '64', '41', '15', '55', '43', '59', '7', '57', '0', '63', '74', '57', '57', '101', '61'], ['50', '75', '57', '84', '64', '75', '103', '19', '58', '24', '67', '15', '54', '70', '79', '19', '25', '59', '19', '26', '33', '56', '66', '63', '0', '59', '7', '61', '74', '52'], ['57', '88', '78', '100', '7', '80', '49', '53', '98', '69', '81', '73', '72', '109', '70', '41', '54', '88', '45', '51', '31', '72', '18', '74', '59', '0', '64', '117', '71', '107'], ['46', '68', '51', '77', '69', '68', '102', '17', '57', '27', '61', '9', '48', '67', '82', '23', '23', '52', '21', '24', '37', '50', '69', '57', '7', '64', '0', '57', '77', '48'], ['72', '44', '51', '31', '122', '52', '81', '70', '19', '49', '49', '49', '57', '12', '50', '80', '70', '42', '77', '73', '93', '57', '113', '57', '61', '117', '57', '0', '49', '11'], ['121', '83', '100', '63', '73', '90', '69', '92', '33', '51', '93', '77', '106', '39', '4', '81', '100', '90', '89', '100', '88', '105', '84', '101', '74', '71', '77', '49', '0', '48'], ['73', '52', '56', '42', '114', '60', '92', '63', '16', '39', '56', '40', '60', '19', '51', '70', '65', '47', '69', '68', '84', '61', '115', '61', '52', '107', '48', '11', '48', '0']]\n"
     ]
    }
   ],
   "source": [
    "def readCitiesFile(cityFile):\n",
    "    listCities = []\n",
    "    with open(cityFile, 'r') as read_file:\n",
    "        for line in read_file:\n",
    "            listCities.append(line.strip())\n",
    "    return listCities\n",
    "    \n",
    "def readDistanceFile(distanceFile):\n",
    "    listDistances = []\n",
    "    with open(distanceFile, 'r') as read_file:\n",
    "        for line in read_file:\n",
    "            line = line.strip()\n",
    "            listDistances.append(line.split())\n",
    "    return listDistances\n",
    "\n",
    "#print(readCitiesFile('seven_cities_names.txt'))\n",
    "#print(readDistanceFile('seven_cities_dist.txt'))\n",
    "#print(readCitiesFile('thirty_cities_names.txt'))\n",
    "#print(readDistanceFile('thirty_cities_dist.txt'))"
   ]
  },
  {
   "cell_type": "code",
   "execution_count": null,
   "metadata": {},
   "outputs": [],
   "source": []
  }
 ],
 "metadata": {
  "kernelspec": {
   "display_name": "Python 3 (ipykernel)",
   "language": "python",
   "name": "python3"
  },
  "language_info": {
   "codemirror_mode": {
    "name": "ipython",
    "version": 3
   },
   "file_extension": ".py",
   "mimetype": "text/x-python",
   "name": "python",
   "nbconvert_exporter": "python",
   "pygments_lexer": "ipython3",
   "version": "3.10.13"
  }
 },
 "nbformat": 4,
 "nbformat_minor": 2
}
